10078 10104 10107 14702 59328 76076 80924 83317 86715 88430 11081 14593 50906 75828 77178 79879 83435 84519 86356 86979 11850 12060 15579 21936 45241 58640 59408 77605 83332 85032 22779 27828 45356 47896 55976 61241 70519 77418 87128 88394
-0.1252 0.24982 -0.03834 0.08853 0.11415 0.09332 -0.46432 -0.23743 0.07312 -0.37771 0.01141 0.12877 0.06087 -0.11476 -0.12772 -0.19355 -0.02818 -0.11251 -0.11779 -0.19156 -0.00636 -0.0731 0.1154 0.04567 0.01159 -0.02949 0.00127 -0.06841 0.03492 -0.2569 -0.11385 0.07644 -0.40323 -0.05392 0.04222 0.01198 -0.05784 -0.18037 -0.04403 -0.02036
-0.20911 -0.03708 -0.08429 -0.00412 -0.18465 -0.27929 -0.33547 -0.2152 0.04421 -0.43284 -0.10186 -0.12217 -0.2623 0.01413 -0.24518 -0.30714 -0.16125 -0.38898 -0.1181 -0.39164 0.06351 0.04118 -0.0596 -0.01392 -0.04077 -0.29972 0.02412 -0.0049 -0.14724 -0.17143 -0.02329 -0.09 -0.17212 -0.14097 0.03384 -0.15888 -0.04536 -0.05739 -0.11429 -0.02745
0.03643 -0.22984 0.03377 0.24845 0.06515 0.18641 0.28502 -0.34306 0.10323 0.09561 0.05751 0.09078 0.13056 0.12969 0.13203 0.21443 0.27732 0.15979 0.08818 0.35408 0.06126 -0.02727 0.12777 -0.02979 0.02741 -0.1144 0.06364 0.12209 -0.14928 -0.05517 0.09538 -0.10437 0.11108 0.2188 -0.01024 0.08963 0.09436 -0.04637 0.00998 0.1082
-0.07256 -0.21563 -0.13348 -0.10374 -0.05919 -0.13467 -0.15602 -0.03552 0.16499 -0.03923 0.00881 0.02535 -0.04423 -0.02878 -0.19872 -0.26316 -0.20087 -0.16778 -0.0625 -0.19889 -0.0835 -0.15754 -0.06492 -0.0853 -0.05581 -0.24276 0.06557 -0.00678 -0.02748 -0.38808 0.08451 -0.04682 -0.42915 -0.00589 -0.08874 -0.23997 -0.12561 -0.19577 -0.21601 -0.02971
-0.1577 -0.21116 -0.02583 -0.08799 -0.0339 0.07713 -0.11581 0.08656 -0.06843 -0.19167 0.01936 -0.03997 -0.13882 0.08383 0.04907 -0.19124 0.08537 -0.24433 0.03974 -0.08309 -0.00025 -0.013 -0.07307 -0.04457 -0.04291 -0.35 0.04594 0.11758 0.01087 0.02584 0.03831 0.11637 0.1897 0.02422 -0.03151 0.02236 0.00139 -0.01682 -0.14637 0.10937
-0.27286 0.19571 0.07445 -0.14247 -0.33852 -0.11597 -0.05063 0.23051 0.23551 -0.3299 -0.02644 -0.23948 -0.31642 0.03203 -0.13116 -0.23932 -0.07865 -0.25972 0.1161 -0.39051 0.02479 -0.06134 -0.17335 0.01156 -0.04104 -0.34389 -0.06398 0.05278 -0.55846 -0.45736 -0.08505 -0.19539 -0.38394 -0.05647 0.01821 -0.14961 -0.10259 -0.21337 0.04323 -0.09348
-0.21756 0.05692 -0.12285 -0.21819 0.02846 -0.05448 -0.45609 -0.2989 -0.06905 -0.13846 -0.04629 -0.13883 -0.21397 -0.08887 -0.00036 -0.05243 -0.10772 -0.03819 -0.07352 0.41593 -0.10166 0.10843 -0.02231 -0.07571 0.09421 -0.33103 -0.05486 0.02285 0.05422 -0.54286 -0.20493 -0.07395 -0.05255 -0.25413 -0.10598 -0.17387 -0.13445 -0.21822 -0.14365 -0.15187
-0.05867 -0.04186 0.02293 -0.10155 -0.11176 0.04776 -0.26341 -0.34381 0.18067 0.17857 0.06779 -0.03342 -0.28889 0.05118 0.00837 0.06324 -0.21868 0.0072 -0.00998 -0.09125 -0.02938 -0.06366 -0.14903 0.02658 -0.0577 0.08247 0.05383 -0.02801 -0.01143 1.5625 0.03448 -0.05088 0.22578 0.05769 0.08743 0.10212 0.04646 0.1 0.07177 -0.12621
-0.2981 -0.1804 -0.1088 -0.13548 -0.16677 -0.24168 -0.33775 -0.48204 0.01315 -0.13636 -0.11683 -0.01695 -0.10156 0.04268 -0.00325 -0.27584 -0.06997 -0.26829 -0.06564 -0.33975 -0.10014 -0.17645 -0.25025 -0.12273 0.12342 -0.48571 -0.08105 0.08268 -0.56069 -0.30488 -0.14833 -0.12509 -0.10054 -0.28068 -0.07788 -0.39661 -0.09466 -0.0751 -0.00301 -0.16737
0.14324 0.29644 0.22245 0.3013 0.2455 0.06679 -0.091 0.56647 0.00424 0.10526 0.21693 0.10828 0.37391 -0.01273 0.24982 0.15554 0.55904 0.23906 0.1975 0.21354 0.05517 0.02434 0.07524 0.09476 0.19485 1.27778 0.09404 0.19233 0.61842 0.48684 -0.09921 0.3539 0.02553 0.11058 0.08753 0.14981 0.25228 0.26068 0.25434 -0.12653
0.44917 0.19235 0.07874 0.1344 0.20809 0.33453 -0.05391 0.69742 0.03008 0.44444 -0.00035 -0.03547 0.37342 0.04208 0.19409 0.51488 0.22453 0.80707 0.08982 0.6721 0.0407 0.07406 0.26166 -0.00346 0.09532 0.57724 0.00401 0.11613 0.43902 0.42773 0.22574 0.23291 0.22752 0.21301 0.00654 0.4658 0.05223 0.10983 0.15584 0.34515
-0.27523 -0.11111 -0.10368 -0.23578 -0.25431 -0.12198 -0.25581 -0.21087 -0.03023 -0.21978 -0.06503 -0.07548 -0.03687 -0.26658 -0.11718 -0.27566 -0.10509 -0.22707 -0.01596 -0.30185 0.00402 -0.09513 -0.24988 -0.03045 -0.08488 -0.1701 0.00185 0.01238 -0.28814 0.03306 -0.22687 -0.10472 -0.03704 -0.04648 -0.0615 -0.28222 -0.09491 -0.19976 -0.19313 -0.18278
-0.00643 0.11389 -0.08201 -0.08135 0.00835 0.02061 0.8125 -0.19559 -0.03724 0.08451 -0.1077 0.00209 0.10048 0.04018 0.0349 0.09312 0.11315 0.1284 0.10823 0.28971 -0.02261 -0.04969 0.06071 -0.00196 0.05376 0.47205 0.0069 -0.04868 0.47619 -0.096 -0.07746 0.00288 -0.06265 -0.01333 -0.05365 -0.18885 -0.01733 -0.10992 -0.07161 -0.00968
0.11327 -0.00582 0.00211 0.08438 0.10064 0.04562 -0.34483 0.15753 0.02826 -0.25974 0.12992 0.04526 -0.02609 0.0199 -0.08178 0.06296 0.1456 -0.06552 0.04337 0.02509 0.00293 0.04754 0.05346 -0.01779 -0.03768 -0.09283 -0.01156 0.09197 -0.11828 -0.20796 0.05514 -0.0896 -0.07558 -0.02828 0.00544 0.04771 -0.03025 -0.02916 -0.08061 -0.08672
-0.05233 -0.09289 0.02152 -0.03082 -0.05678 -0.07153 -0.03947 -0.17456 0.0539 0.14035 0.01298 -0.05796 -0.08036 0.11061 0.04251 -0.00697 0.15204 -0.19373 0.08786 -0.09121 0.02734 0.06029 -0.02269 0.04494 0.08373 -0.03256 -0.02542 -0.0772 -0.10366 -0.02514 -0.01425 -0.01388 -0.13024 0.04541 0.08448 0.12568 0.03329 -0.04064 0.08143 -0.09615
0.01534 0.09503 0.05576 0.16216 0.12838 0.15562 0.0137 0.40502 0.15646 0.09077 0.06115 0.00566 0.15534 0.00853 -0.11444 0.13333 0.03122 0.1167 0.08909 0.25337 0.00715 0.1549 0.1308 -0.01316 -0.04169 0.24038 0.10787 0.05618 0.22449 0.08023 -0.04237 0.04823 0.21306 0.25221 0.08245 0.20388 0.13933 0.25967 0.18273 0.38298
0.3142 0.09512 -0.03717 0.0643 0.13446 0.094 1.16216 0.28571 0.03021 1.14386 0.08247 0.26231 0.12605 0.15911 0.05395 0.17028 0.20468 0.17828 0.09407 0.34854 0.04119 -0.02547 0.10871 0.01366 -0.02359 0.21705 0.00203 0.21022 0.22778 0.19098 0.07712 0.19632 0.13462 0.11959 -0.06587 -0.02151 0.05019 0.11257 0.08871 0.01942
0.06897 -0.07686 0.04185 0.01799 -0.00048 0.02316 0.05625 0.05754 0.02656 -0.04605 0.01498 0.06184 -0.14179 0.07805 0.07124 -0.07487 0.09584 -0.10087 0.02312 -0.09697 -0.01346 0.00592 -0.14146 0.1009 0.08416 -0.14013 0.07372 0.17274 -0.08145 0.06459 0.1115 0.09641 0.07302 0.04017 0.02186 -0.11951 0.04339 0.05716 -0.08925 0.04667
-0.1914 -0.00167 0.03003 0.22854 0.19606 0.16081 0.05325 -0.05066 0.13103 0 0.05779 0.10598 -0.04783 0.13667 0.04285 -0.13926 -0.04801 0.11412 0.03173 0.15718 -0.00919 -0.00837 0.07337 -0.02313 -0.12548 0.09259 0.04479 0.03486 -0.13793 -0.16527 -0.04136 -0.0061 -0.02002 0.0354 0.04174 0.13885 0.05491 -0.04102 -0.06878 0.01547
0.03723 0.07006 0.00417 0.11151 0.14946 -0.01796 -0.05787 0.1581 0.05289 -0.05517 -0.03147 0.07258 0.15342 0.07107 0.10459 0.14618 0.0726 0.12847 0.03281 0.19265 0.06661 0.03973 0.26391 -0.09862 -0.01838 0.09831 -0.04021 -0.0495 0.08 0.11529 0.18695 -0.05857 0.10645 -0.02368 0.05831 0.54658 -0.03237 0.06027 0.06471 0.04521
-0.15128 -0.12315 0.04827 -0.16181 -0.03743 0.02351 0.08527 0.27645 -0.0073 -0.05839 0.02452 -0.08359 -0.0768 0.02456 0.00823 0.04348 0.0599 -0.09846 -0.03194 -0.12841 -0.02918 0.01454 -0.04403 0.01537 0.09468 0.26543 -0.00517 0.06156 0.14286 -0.23595 0.11743 -0.02459 -0.00668 0.00321 -0.05611 -0.01594 0.04983 -0.07641 -0.04236 -0.06834
0.19335 0.064 -0.05396 0.28682 0.19731 0.0684 0.29121 0.37968 0.0844 0.10853 0.0772 0.10473 0.10206 0.07333 0.13967 -0.01944 0.23509 0.09386 0.04269 0.2 -0.00055 -0.02684 0.26935 0.04016 -0.02799 0.08293 -0.0296 0.06144 0.48148 0.03824 0.13222 0.15238 0.02203 0.05564 0.05712 0.36814 0.04922 0.01191 0.0891 0.13556
0.07848 0.00418 -0.01645 0.03901 0.01851 0.08457 -0.11489 0.02035 0.03229 0.01399 -0.03972 -0.0865 -0.04669 -0.10592 -0.06043 -0.0255 -0.01647 0.10452 -0.00072 0.04833 -0.00355 -0.01172 0.02905 0.06709 0.09258 0.01577 -0.00396 0.05995 0 0.03683 0.03769 -0.02555 0.09914 -0.01393 -0.05615 0.18224 -0.00781 0.06475 0.05827 0.08821
0.0493 0.10067 0.06457 -0.07426 -0.04442 0.0674 0.51923 0.04463 -0.13171 0.17241 -0.01707 0.022 0.21224 0.078 0.21055 0.05814 0.04745 -0.07345 0.15602 -0.01007 0.1326 0.08755 -0.01277 0.05243 0.13104 -0.06208 0.07689 0.02424 -0.1125 0.18033 0 0.06026 0.15523 0.03757 -0.04493 -0.17084 0.03211 0.10504 -0.0545 0.21212
