 ABT LLY MRK PFE F  GM  BP  CVX RD XOM
-0.04533667 -0.08483667 -0.07410667 -0.02075667 -0.0006366667 -0.02115667 0.04526333 -0.01928667 -0.01604667 -0.06636667
-0.01991 -0.04352 -0.06008 -0.13638 0.06022 0.08965 -0.01009 0.00776 -0.03088 0.00632
0.01875667 0.06380667 0.01644667 0.02095667 0.02058667 0.01569667 -0.04568333 -0.0009933333 0.01010667 -0.02520333
0.015125 0.016735 0.047485 -0.070395 -0.056735 -0.041895 -0.077905 -0.030545 -0.050805 -0.025445
0.11527 0.18312 0.12939 0.16492 0.03888 0.10937 0.11931 0.06679 0.08132 0.06758
0.08871833 0.05585833 0.04189833 -0.03301167 -0.05793167 -0.02701167 -0.008321667 -0.001081667 -0.02598167 -0.009041667
0.05975 -0.00485 0.02103 0.17494 -0.04064 -0.02735 0.11395 0.13255 0.10162 0.0772
-0.08666833 -0.09887833 -0.08407833 -0.06099833 -0.1658483 -0.1375783 0.1119617 -0.05029833 -0.03768833 -0.03078833
-0.02800333 -0.05438333 -0.07351333 -0.01141333 -0.1208333 -0.09418333 -0.06549333 -0.03084333 -0.02945333 -0.02613333
0.047315 -0.063665 0.003875 0.024115 -0.082895 0.007815 -0.002735 -0.085365 0.002145 -0.005975
0.05813667 0.09482667 0.1160667 0.1123267 -0.01939333 0.007726667 0.04572667 0.03117667 0.02149667 0.04095667
0.02590333 -0.01239667 0.04290333 -0.005616667 -0.03301667 -0.06383667 -0.04767667 0.03374333 -0.01972667 0.01660333
-0.03385333 0.05966667 0.01289667 0.1078167 0.07462667 0.04936667 -0.07672333 -0.02239333 -0.04652333 -0.007603333
0.06114 0.01428 0.11117 0.17068 0.16023 0.09574 0.07386 0.0602 0.07631 0.07582
0.030115 -0.014415 0.033605 0.014125 -0.012585 -0.049225 -0.086575 0.018335 -0.041735 0.056295
0.05519167 -0.02387833 0.01662167 0.01398167 0.01151167 -0.05768833 0.02232167 0.01087167 0.05102167 0.01238167
0.01026 0.0378 0.0987 0.08178 0.13007 0.21293 -0.03221 -0.04978 0.01338 -0.0143
0.002658333 -0.1005517 -0.02306167 -0.06196167 -0.02837167 -0.05971167 -0.05602167 -0.05202167 -0.05952167 -0.006791667
0.04124 0.05796 0.10407 0.11021 -0.06298 -0.02919 0.08819 0.02022 0.05825 0.01686
0.002518333 0.1019383 -0.01411167 0.05947833 -0.07534167 -0.03840167 0.02779833 0.001798333 -0.01961167 -0.01210167
-0.01126 -0.05495 0.02127 -0.01008 -0.04049 -0.0208 -0.00261 0.02004 0.01489 0.01711
0.09329167 -0.04020833 0.05060167 0.09565167 -0.08665833 -0.06435833 -0.03719833 0.01285167 -0.004158333 0.02105167
-0.02503 -0.0412 0.06268 -0.07249 -0.11901 -0.11697 -0.05501 -0.09979 -0.04244 -0.03175
0.1918383 0.1326583 0.1383983 0.2621483 0.1684883 -0.06437167 0.01204833 0.03031833 0.1059283 0.03498833
-0.07213667 -0.05855667 -0.05947667 -0.1341167 0.09550333 0.1180433 -0.05069667 -0.08106667 -0.07852667 -0.04628667
-0.00711 -0.04694 -2e-05 0.02242 0.20172 0.16746 -0.08304 -0.02167 -0.03455 -0.01101
-0.04462667 -0.05511667 -0.06560667 -0.07047667 0.04085333 -0.02669667 -0.05408667 0.03517333 -0.01469667 -0.04494667
0.083765 -0.034815 -0.017565 0.025655 0.189705 0.129985 0.090335 0.086715 0.091805 0.092765
0.006445 -0.035025 0.039215 0.045855 -0.025065 -0.042185 0.047505 0.032105 0.059645 0.019395
-0.10999 -0.01631 -0.03074 -0.02483 0.03075 0.11043 -0.20844 -0.06435 0.01289 0.01757
0.023455 0.081775 0.061425 0.070955 0.003315 -0.056655 0.036485 0.062625 0.008735 0.023585
0.001511667 -0.07269833 -0.06043833 -0.01223833 -0.1118983 -0.1611683 -0.03492833 0.03872167 0.02560167 0.02054167
-0.076195 -0.040815 -0.087255 -0.034785 -0.033095 -0.074625 -0.020845 0.006075 0.025065 -0.008265
0.02947667 -0.01835333 -0.01642333 0.009326667 -0.06820333 -0.04518333 -0.05332333 -0.04454333 -0.09814333 -0.04348333
0.05773167 0.02051167 0.02588167 0.03534167 0.1480717 0.05267167 -0.01058833 -0.02267833 -0.004118333 -0.01942833
-0.01488333 -0.03068333 -0.03592333 -0.07468333 0.01814667 -0.002683333 0.05207667 0.008226667 -0.02086333 0.02462667
-0.09221 -0.07246 -0.07166 -0.09216 0.08263 0.16804 -0.02982 0.04426 0.0083 -0.0025
-0.05244167 -0.08023167 -0.04888167 -0.1116117 -0.007861667 -0.01039167 0.08631833 0.06800833 0.01587833 0.05023833
-0.01680833 -0.05585833 -0.07713833 0.06392167 0.1310517 0.007611667 0.1511917 0.07709167 0.06201167 0.03683167
0.08673833 0.01298833 0.04354833 0.09399833 0.05818833 0.08398833 0.008898333 0.03369833 -0.002391667 -0.004281667
-0.02937667 0.04006333 0.03131333 0.05497333 -0.05269667 -0.01592667 0.03314333 0.03091333 0.07839333 0.0008633333
-0.05785833 -0.03686833 -0.06791833 -0.06875833 0.002251667 0.1064717 -0.02429833 -0.006818333 -0.007918333 0.006981667
-0.02029333 -0.05583333 -0.1398533 -0.1144733 0.01468667 0.08735667 -0.01364333 0.004586667 0.01363667 -0.01009333
0.03748333 0.03995333 0.03830333 0.06336333 -0.03569667 -0.03189667 0.03969333 0.06113333 0.06247333 0.004643333
0.05042167 0.03921167 -0.02896833 -0.05801833 0.08087167 -0.1117883 0.03015167 0.04720167 0.03047167 -0.0005483333
0.04022333 0.07998333 0.04220333 0.04370333 0.1246333 0.1382033 0.04590333 -0.01018667 0.03807333 -0.004426667
0.02825667 0.06863667 0.06356667 0.07243667 -0.02076333 0.1092267 -0.04329333 -0.09794333 -0.04750333 -0.03172333
0.01027 0.03231 0.00927 0.03504 0.05918 0.03773 0.07762 0.00033 0.03087 0.00343
-0.0009633333 0.005936667 0.05933667 -0.06589333 0.04247667 0.1136867 0.06392667 0.06925667 0.05140667 0.05098667
-0.06626833 -0.06742833 -0.1157183 -0.09794833 -0.07546833 -0.04841833 -0.04175833 -0.06508833 -0.03225833 -0.01631833
-0.03911667 -0.1022367 -0.07534667 -0.07188667 -0.05724667 -0.07802667 -0.06049667 -0.03321667 -0.07200667 -0.03374667
0.06979333 -0.01559667 -0.007266667 0.08952333 -0.001786667 0.05029333 0.1374633 0.05645333 0.09379333 -0.003066667
0.04941 0.17168 0.02609 0.08502 -0.01416 -0.05279 0.00815 -0.01553 0.00143 -0.01983
-0.03274 -0.01 -0.01886 -0.01325 0.0182 -0.06857 0.0179 -0.04081 -0.02567 -0.07502
-0.02722833 -0.1486583 -0.007808333 -0.02142833 0.08453167 0.01878167 0.05562167 0.05609167 0.07773167 0.04485167
0.06293667 0.1813567 0.1481667 0.1046567 -0.08608333 -0.02173333 0.003856667 -0.03838333 -0.007053333 0.008366667
0.04198 0.0115 0.0489 0.00897 -0.05513 -0.07101 -0.00714 -0.02155 -0.03103 -0.03746
-0.010025 0.067145 -0.004125 0.068205 0.068305 -0.161455 0.114685 0.076955 0.080855 0.089355
0.02382167 0.01575167 0.04120167 0.04578167 -0.08491833 -0.03415833 -0.06060833 -0.02468833 -0.07200833 -0.03223833
0.01886333 0.04323333 0.02687333 -0.006286667 0.02298333 0.1002533 0.001633333 0.01825333 -0.01272667 0.001543333
0.08535167 -0.0009483333 0.05098167 0.05349167 -0.08959833 -0.08190833 -0.03292833 -0.004758333 0.03352167 0.02405167
-0.001278333 0.02206167 0.04799167 0.01684167 0.02984167 0.09680167 -0.01929833 0.07278167 -0.002578333 0.02919167
0.002265 0.086645 0.008205 0.028355 0.023935 0.027485 0.099195 0.003095 0.065455 0.038275
0.1025617 0.01751167 0.001161667 0.005491667 0.01613167 0.02086167 0.02365167 -0.01772833 0.02862167 0.03844167
0.011145 0.002235 0.091485 0.018595 0.073615 0.065635 -0.005075 0.041975 0.042625 0.033045
0.007941667 0.04737167 0.04704167 0.04083167 0.01253167 -0.02799833 -0.001628333 -0.06053833 -0.04301833 -0.01506833
-0.01167667 -0.007696667 0.04637333 0.09453333 -0.01930667 0.03548333 0.05533333 0.06017333 0.03753333 0.02203333
-0.03575 0.05007 -0.0384 -0.02406 0.05584 -0.03168 -0.00079 -0.01463 -0.06552 -0.04588
0.0956 0.09331 0.12522 0.07661 0.0078 -0.00971 -0.00717 0.00335 0.04457 0.04651
-0.06692 0.0707 0.02239 0.07054 -0.06946 -0.07107 -0.02248 -0.04543 -0.00338 0.05269
0.01754333 0.03237333 0.07162333 0.01095333 -0.02185667 0.1109633 0.08984333 0.06237333 0.04029333 0.01844333
0.02033667 0.1263667 0.06181667 0.08192667 0.01783667 0.08592667 0.06368667 0.05647667 0.09503667 0.04418667
0.02190333 0.01361333 0.06440333 0.08313333 0.02960333 -0.008896667 -0.04822667 -0.01371667 -0.01922667 -0.01495667
-0.021675 0.060905 -0.059285 -0.037965 0.055295 -0.022555 0.034145 0.077905 -0.013015 -0.004025
-0.02808333 0.06802667 -0.05938333 0.01673667 0.09586667 0.03488667 0.05439667 0.004856667 0.02127667 0.02102667
-0.001305 -0.094505 -0.032235 0.020035 0.049695 0.014655 0.024115 0.029285 0.009145 0.038815
0.05735667 0.08828667 0.06399667 0.02739667 0.01323667 0.01931667 -0.03088333 0.03460667 0.06619667 0.002166667
0.004458333 0.007428333 0.001018333 0.004588333 -0.1172517 -0.05413167 0.009988333 -0.01679167 0.02118833 0.02082833
0.009848333 -0.1427517 -0.01009167 -0.02110167 0.007598333 -0.07350167 0.02377833 -0.02336167 -0.02299167 -0.05753167
0.02143167 0.02423167 0.01719167 0.01189167 0.03054167 0.02194167 0.07800167 0.02240167 -0.01414833 -0.003718333
0.09019833 0.1223983 0.07423833 0.1101983 -0.07140167 -0.03699167 0.05732833 0.05944833 0.05790833 0.01722833
0.03117167 0.08886167 0.04557167 0.04165167 0.008161667 0.1130317 0.02484167 0.04574167 0.05509167 0.06040167
0.09186833 0.08576833 0.1193283 0.08251833 0.04380833 0.07785833 0.08218833 0.02302833 0.02301833 0.06959833
-0.09173167 -0.04984167 -0.03993167 -0.07801167 -0.01936167 -0.03663167 0.01666833 -0.03394167 0.001058333 0.03431833
0.07442833 0.1892983 0.1339583 0.1102683 0.003868333 0.05410833 -0.002421667 0.01695833 0.01117833 0.05320833
0.027935 0.002825 0.012375 -0.009955 0.019175 -0.014765 -0.060405 -0.024285 -0.006335 -0.029125
-0.006503333 -0.06294333 -0.08520333 -0.08614333 -0.04991333 -0.04748333 0.03254667 0.07517667 0.007276667 0.07052667
0.08737 0.06409 0.0684 0.13686 0.11666 0.04085 -0.00157 -0.02046 0.0257 0.04674
0.02858167 0.05821167 -0.009738333 0.07225167 0.07493167 -0.004208333 0.05634167 0.02615167 0.09706167 0.04939167
0.05541167 0.1712917 0.1389517 0.1560817 0.009221667 -0.03242833 0.02954167 0.05214167 0.1098517 0.02965167
-0.01982833 0.02952167 0.01106167 -0.003458333 0.08250167 0.1056617 0.09679167 0.06426167 0.02453167 0.04477167
-0.08833333 -0.07521333 -0.1204133 -0.07451333 0.04770667 0.01793667 0.02918667 -0.01672333 -0.09702333 -0.04556333
0.062615 0.152385 0.089275 0.080425 0.045295 0.062605 0.068995 0.068515 0.102145 0.042865
-0.04097167 0.1043283 -0.1110817 0.1767283 -0.02669167 -0.04522167 -0.03786167 -0.005641667 -0.05482167 -0.04512167
0.05789667 -0.06188333 0.05803667 0.02275667 -0.02002333 -0.04712333 -0.05171333 -0.03044333 -0.004283333 -0.004733333
0.00146 0.10086 0.11844 0.02061 0.12506 0.05374 -0.04421 -0.04405 0.02417 -0.00123
0.08103 -0.03293 0.10311 0.0922 0.05464 -0.0505 0.00364 -0.03342 -0.05841 -0.03484
0.05224833 -0.02808167 0.08254833 0.08064833 0.1048283 0.1942483 0.03278833 0.08585833 0.05551833 0.07748833
0.002488333 -0.09821167 0.004238333 0.1222183 0.1416683 -0.02142167 0.03662833 -0.01115167 0.04183833 0.05658833
-0.029185 0.162545 -0.064095 0.137565 0.082055 -0.009665 0.093915 0.025445 -0.009625 0.076285
0.01036333 -0.1189867 -0.03321667 -0.08157667 0.1281633 0.07004333 -0.06070667 -0.03080667 0.005123333 -0.03362667
0.10116 0.07528 0.14286 0.03282 0.1332 -0.07458 -0.00627 0.04436 -0.02754 0.00826
0.01476667 0.01095667 -0.08030333 0.006216667 -0.03091333 0.07818667 -0.09478333 -0.01756333 -0.07369333 -0.01989333
-0.07916333 -0.02341333 -0.06579333 -0.1565933 -0.2211933 -0.1933633 -0.08376333 -0.1003333 -0.2197733 -0.06675333
0.1244083 0.1872183 0.1183383 0.1347883 0.04937833 -0.05975167 0.1884683 0.1311783 0.2044583 0.07542833
0.08217 0.03102 0.03915 0.01148 0.16074 0.14818 0.01175 -0.03378 0.03213 0.01086
0.017605 0.106045 0.144865 0.041195 0.011305 0.110075 0.044495 0.029885 -0.051835 0.049165
0.01717167 -0.01271833 -0.04932833 0.1130317 0.06217167 0.02049167 -0.01858833 -0.01187833 0.01631167 -0.02865833
-0.05284667 0.05053333 -0.008696667 0.02538333 0.05108333 0.2505333 -0.1096767 -0.1053467 -0.1668067 -0.04293667
-0.00639 0.00743 0.10703 0.02376 -0.03829 -0.07821 0.04407 0.03637 0.09146 -0.05035
0.0071 -0.10555 -0.01726 0.04793 -0.04796 0.05065 0.19238 0.15077 0.18149 0.05639
0.033435 -0.136125 -0.125255 -0.174295 0.132435 0.020135 0.117095 0.120365 0.125035 0.173575
-0.06964 -0.03034 -0.04283 -0.07191 -0.1103 -0.075 -0.05146 -0.07032 -0.02462 -0.03719
0.0003416667 -0.001188333 0.08891167 0.01488167 -0.01584833 -0.04728833 0.008431667 0.02389167 0.06138167 -0.03823833
-0.05376167 -0.08669167 -0.08528167 -0.07145167 -0.1362817 -0.07765167 0.06417833 -0.04390167 0.008658333 0.02537833
0.006256667 0.1356267 -0.01040333 0.1128167 0.07080667 0.08808667 -0.03296333 0.01439667 0.02188667 -0.005063333
-0.15808 -0.14377 -0.03493 -0.05357 -0.03987 -0.0539 -0.01312 -0.04249 -0.04935 -0.04035
0.10109 0.06898 0.22353 0.10222 0.09794 0.11512 0.03825 0.02482 0.01076 -0.02954
-0.063045 0.040855 -0.015225 -0.088825 -0.083955 0.025055 0.056165 -0.027225 -0.036555 0.072605
-0.04874333 -0.07750333 -0.1467933 -0.1095033 0.05135667 0.005216667 -0.03100333 -0.02621333 0.03984667 0.01142667
-0.1030233 0.001206667 0.1685867 0.1111767 -0.06187333 0.1039067 -0.09821333 -0.03906333 -0.09525333 0.03125667
0.008815 -0.111955 -0.223495 -0.114405 -0.167945 -0.054275 -0.123465 -0.103725 -0.046625 -0.096725
0.06154833 0.04888833 0.009108333 0.1333883 0.09885833 0.08399833 0.1267283 0.2329183 0.09122833 0.03010833
0.09304333 0.2268233 0.1139933 0.1474233 0.1977333 0.1258533 -0.04696667 -0.08382667 -0.01228667 -0.007926667
0.053715 -0.014415 0.073085 0.055175 -0.117835 -0.245145 0.071555 0.088715 0.096835 0.073245
0.09049833 0.3072483 0.02205833 0.07239833 -0.08243167 -0.1826217 0.03191833 -0.08723167 -0.01875167 -0.06250167
-0.06661667 0.03508333 -0.06940667 -0.1065267 0.08951333 -0.02434667 -0.08010667 -0.07349667 -0.05877667 0.01414333
0.045975 -0.299805 -0.025615 -8.5e-05 0.033925 0.271545 0.056815 0.072775 0.054245 0.020735
0.08214 0.1063 0.0603 0.03402 0.04151 -0.10457 -0.04572 0.00388 -0.02543 0.08688
0.1092883 0.09659833 0.2031383 -0.04403167 0.03885833 -0.04932167 -0.04401167 -0.04175167 -0.01447167 -0.004391667
0.03745833 0.04601833 0.02543833 0.02298833 -0.1343317 -0.2003117 -0.06767167 -0.0002716667 0.0001183333 -0.01352167
-0.1251283 -0.01147833 0.008971667 0.03327167 0.02541167 0.02423167 0.004411667 0.02649167 0.009851667 -0.01687833
-0.07423167 -0.1575517 -0.1265317 -0.02277167 0.2112783 0.04993833 0.07142833 -0.01800167 -0.007801667 -0.03635167
0.08799333 0.007863333 -0.02815667 -0.004956667 -0.01754667 -0.001836667 -0.03416667 0.03231333 -0.03753667 -0.03567667
-0.04042333 -0.03892333 -0.05306333 -0.09368333 0.007466667 -0.03125333 -0.003283333 0.02129667 -0.05323333 -0.004303333
-0.015935 0.105565 -0.002305 0.054165 0.055805 0.053865 0.086655 0.096545 0.070545 0.090605
0.1177233 -0.003256667 -0.03776667 -0.009946667 -0.1770367 0.04423333 -0.005846667 -0.001566667 0.03494333 0.003643333
-0.07947833 -0.1292383 -0.1273083 -0.06912833 0.005301667 0.1280217 -0.06920833 -0.06068833 -0.04734833 -0.01845833
0.117905 0.068425 0.060755 0.026285 0.034545 -0.014585 -0.011555 0.006905 -0.007555 -0.046775
-0.07539 -0.02008 -0.04002 -0.07073 -0.21089 -0.13409 0.04085 -0.00269 -0.0159 -0.03585
0.04106 0.03735 0.02084 0.04452 -0.12902 -0.21864 -0.03581 -0.06832 -0.11486 -0.02088
0.02404 -0.05384 -0.04369 0.04309 -0.06808 -0.03863 -0.01868 0.04304 0.00337 -0.00053
0.03657167 0.08275167 0.06019167 0.03472167 0.1785017 0.2133517 -0.08099833 -0.03362833 -0.04451833 -0.04768833
0.01223167 -0.05136833 -0.1283483 -0.08129833 -0.1714183 -0.02353833 0.05157167 0.05270167 0.01266167 0.04939167
0.037365 -0.045175 0.005085 0.044295 -0.021735 0.050885 0.003145 -0.066215 0.018005 -0.007735
-0.02137167 0.01107833 0.03488833 -0.01536167 -0.02889167 0.04431833 0.06732833 0.01454833 0.02657833 0.06206833
-0.07134167 0.004718333 -0.05693167 -0.03128167 0.1067083 0.1395083 0.07014833 0.06754833 0.05593833 0.05976833
0.02869667 -0.1346333 -0.05770333 -0.08673333 -0.03114333 0.05977667 -0.04474333 -0.04087333 -0.03935333 -0.08493333
-0.1210017 -0.01719167 0.04934833 -0.04601167 0.1079283 -0.02482167 0.01140833 0.01285833 0.06763833 -0.001691667
-0.2087867 -0.1296967 -0.1084267 0.01014333 -0.09489667 -0.1413967 -0.01277667 0.01291333 0.003493333 0.02337333
0.10471 0.03442 -0.02194 -0.07711 -0.15327 -0.13049 -0.08241 -0.15394 -0.17455 -0.10306
-0.03468 -0.00238 0.0172 0.02523 -0.12756 0.03753 0.01589 0.02972 0.00303 -0.03073
0.007881667 -0.04803833 -0.08943833 -0.1240883 -0.1687283 -0.1885683 -0.1487983 -0.09766833 -0.1126383 -0.1014983
0.04088333 0.001573333 0.1852933 0.09344333 -0.1278467 -0.1465567 -0.03765667 -0.02470667 0.06365333 0.05385333
0.044595 0.235195 0.094295 -0.004485 0.344125 0.207995 0.029145 0.000455 0.016975 0.039675
-0.08733167 -0.07127167 -0.04206167 -0.03144167 -0.1837717 -0.07253167 0.03573833 -0.009201667 0.009798333 0.003028333
-0.042105 -0.052315 -0.022525 -0.002935 -0.010655 -0.015355 -0.041315 -0.032265 -0.049365 -0.023585
-0.066555 -0.056505 -0.048635 -0.018765 -0.087695 -0.057675 -0.013355 0.006325 -0.053975 0.001955
0.05492833 0.009488333 0.04436833 0.04399833 -0.09709167 -0.005381667 0.01165833 0.006538333 0.02627833 0.02639833
0.08586833 0.1157683 0.06112833 -0.01410167 0.3820383 0.07133833 -0.002241667 -0.02940167 0.02899833 0.006208333
0.09558833 -0.05910167 -0.04558167 0.01276833 0.01852833 -0.006991667 0.09684833 0.1396883 0.1133483 0.04029833
-0.01849667 0.1531533 0.09513333 0.1001333 0.04590333 0.01819333 0.002333333 0.01699333 0.02272333 -0.01422667
-0.09821 -0.04613 -0.08779 -0.02388 0.01472 0.03897 -0.01194 -0.002 -0.04773 -0.00994
0.02595833 0.01477833 -0.03739167 -0.09941167 0.04441833 0.1106183 0.01371833 0.01986833 0.02880833 0.06581833
0.05504667 -0.1079533 0.01252667 0.01458667 -0.06912333 -0.004923333 0.008326667 -0.02027333 -0.01571333 -0.02996333
0.006633333 0.1207833 -0.1266067 0.03939333 0.1347933 0.04174333 0.005883333 0.03912333 0.003303333 -0.001316667
0.036295 0.036975 -0.083265 0.066315 0.087435 0.013525 0.016755 0.019815 0.010945 -0.004325
0.05355 0.02149 0.14629 0.05168 0.21137 0.2475 0.15526 0.14958 0.16607 0.13185
